obsID,altID,value_asian,penalty_asian,accessibility_1_asian,accessibility_3_asian,accessibility_10_asian,incentive_grocery_store_asian,incentive_internet_asian,incentive_sport_tickets_asian,outsideGood_asian
1,1,100,0,0,0,0,1,0,0,0
1,2,0,0,0,0,0,0,0,0,1
2,1,100,0,0,0,0,0,1,0,0
2,2,0,0,0,0,0,0,0,0,1
3,1,100,0,0,0,0,0,0,1,0
3,2,0,0,0,0,0,0,0,0,1
4,1,100,0,0,0,0,0,0,0,0
4,2,0,0,0,0,0,0,0,0,1
5,1,200,0,0,0,0,1,0,0,0
5,2,0,0,0,0,0,1,0,0,1
6,1,200,0,0,0,0,1,0,0,0
6,2,0,0,0,0,0,0,0,0,1
7,1,200,0,0,0,0,0,1,0,0
7,2,0,0,0,0,0,0,0,0,1
8,1,200,0,0,0,0,0,0,1,0
8,2,0,0,0,0,0,0,0,0,1
9,1,300,0,0,0,0,1,0,0,0
9,2,0,0,0,0,0,0,0,0,1
10,1,300,0,0,0,0,0,1,0,0
10,2,0,0,0,0,0,0,0,0,1
11,1,300,0,0,0,0,0,0,1,0
11,2,0,0,0,0,0,0,0,0,1
12,1,300,0,0,0,0,0,0,0,1
12,2,0,0,0,0,0,0,0,0,1
13,1,500,0,0,0,0,1,0,0,0
13,2,0,0,0,0,0,0,0,0,1
14,1,500,0,0,0,0,0,1,0,0
14,2,0,0,0,0,0,0,0,0,1
15,1,500,0,0,0,0,0,0,1,0
15,2,0,0,0,0,0,0,0,0,1
16,1,500,0,0,0,0,0,0,0,1
16,2,0,0,0,0,0,0,0,0,1
17,1,1,100,0,0,0,0,1,0,0
17,2,0,0,0,0,0,0,0,0,1
18,1,0,100,0,0,0,0,0,0,0
18,2,0,0,0,0,0,0,0,0,1
19,1,200,0,0,0,0,1,0,0,0
19,2,0,0,0,0,0,0,0,0,1
20,1,0,200,0,0,0,0,0,0,0
20,2,0,0,0,0,0,0,0,0,1
21,1,300,0,0,0,0,1,0,0,0
21,2,0,0,0,0,0,0,0,0,1
22,1,0,300,0,0,0,0,0,0,0
22,2,0,0,0,0,0,0,0,0,1
23,1,500,0,0,0,0,1,0,0,0
23,2,0,0,0,0,0,0,0,0,1
24,1,100,0,0,0,0,0,1,0,0
24,2,0,0,0,0,0,0,0,0,1
25,1,0,100,0,0,0,0,0,0,0
25,2,0,0,0,0,0,0,0,0,1
26,1,200,0,0,0,0,0,1,0,0
26,2,0,0,0,0,0,0,0,0,1
27,1,0,200,0,0,0,0,0,0,0
27,2,0,0,0,0,0,0,0,0,1
28,1,300,0,0,0,0,0,1,0,0
28,2,0,0,0,0,0,0,0,0,1
29,1,0,300,0,0,0,0,0,0,0
29,2,0,0,0,0,0,0,0,0,1
30,1,500,0,0,0,0,0,1,0,0
30,2,0,0,0,0,0,0,0,0,1
31,1,0,500,0,0,0,0,0,0,0
31,2,0,0,0,0,0,0,0,0,1
32,1,100,0,0,0,0,0,0,1,0
32,2,0,0,0,0,0,0,0,0,1
33,1,0,100,0,0,0,0,0,0,0
33,2,0,0,0,0,0,0,0,0,1
34,1,200,0,0,0,0,0,0,1,0
34,2,0,0,0,0,0,0,0,0,1
35,1,0,200,0,0,0,0,0,0,0
35,2,0,0,0,0,0,0,0,0,1
36,1,300,0,0,0,0,0,0,1,0
36,2,0,0,0,0,0,0,0,0,1
37,1,0,300,0,0,0,0,0,0,0
37,2,0,0,0,0,0,0,0,0,1
38,1,500,0,0,0,0,0,0,1,0
38,2,0,0,0,0,0,0,0,0,1
39,1,0,500,0,0,0,0,0,0,0
39,2,0,0,0,0,0,0,0,0,1
40,1,100,0,0,0,0,0,0,0,1
40,2,0,0,0,0,0,0,0,0,1
41,1,0,100,0,0,0,0,0,0,0
41,2,0,0,0,0,0,0,0,0,1
42,1,200,0,0,0,0,0,0,0,1
42,2,0,0,0,0,0,0,0,0,1
43,1,0,200,0,0,0,0,0,0,0
43,2,0,0,0,0,0,0,0,0,1
44,1,300,0,0,0,0,0,0,0,1
44,2,0,0,0,0,0,0,0,0,1
45,1,0,300,0,0,0,0,0,0,0
45,2,0,0,0,0,0,0,0,0,1
46,1,500,0,0,0,0,0,0,0,1
46,1,0,0,0,0,0,0,0,0,1
47,1,0,500,0,0,0,0,0,0,0
47,2,0,0,0,0,0,0,0,0,1
48,1,100,0,0,0,0,0,0,0,0
48,2,0,0,0,0,0,0,0,0,1
49,1,0,100,0,0,0,0,0,0,0
49,2,0,0,0,0,0,0,0,0,1
50,1,0,0,1,0,0,0,0,0,0
50,2,0,0,0,0,0,0,0,0,1
51,1,200,0,0,0,0,1,0,0,0
51,2,0,0,0,0,0,0,0,0,1
52,1,0,200,0,0,0,0,0,0,0
52,2,0,0,0,0,0,0,0,0,1
53,1,0,0,0,1,0,0,0,0,0
53,2,0,0,0,0,0,0,0,0,1
54,1,300,0,0,0,0,1,0,0,0
54,2,0,0,0,0,0,0,0,0,1
55,1,0,300,0,0,0,0,0,0,0
55,2,0,0,0,0,0,0,0,0,1
56,1,0,0,1,0,0,0,0,0,0
56,2,0,0,0,0,0,0,0,0,1
57,1,500,0,0,0,0,1,0,0,0
57,2,0,0,0,0,0,0,0,0,1
58,1,0,500,0,0,0,0,0,0,0
58,2,0,0,0,0,0,0,0,0,1
59,1,0,0,0,0,1,0,0,0,0
59,2,0,0,0,0,0,0,0,0,1
60,1,100,0,0,0,0,0,0,0,0
60,2,0,0,0,0,0,0,0,0,1
61,1,0,100,0,0,0,0,0,0,0
61,2,0,0,0,0,0,0,0,0,1
62,1,0,0,0,1,0,0,0,0,0
62,2,0,0,0,0,0,0,0,0,1
63,1,200,0,0,0,0,1,0,0,0
63,2,0,0,0,0,0,0,0,0,1
64,1,0,200,0,0,0,0,0,0,0
64,2,0,0,0,0,0,0,0,0,1
65,1,0,0,0,1,0,0,0,0,0
65,2,0,0,0,0,0,0,0,0,1
66,1,300,0,0,0,0,1,0,0,0
66,2,0,0,0,0,0,0,0,0,1
67,2,0,300,0,0,0,0,0,0,0
67,2,0,0,0,0,0,0,0,0,1
68,1,0,0,0,1,0,0,0,0,0
68,2,0,0,0,0,0,0,0,0,1
69,1,500,0,0,0,0,1,0,0,0
69,2,0,0,0,0,0,0,0,0,1
70,1,0,500,0,0,0,0,0,0,0
70,2,0,0,0,0,0,0,0,0,1
71,1,0,0,0,1,0,0,0,0,0
71,2,0,0,0,0,0,0,0,0,1
72,1,100,0,0,0,0,0,0,0,0
72,2,0,0,0,0,0,0,0,0,1
73,1,0,100,0,0,0,0,0,0,0
73,2,0,0,0,0,0,0,0,0,1
74,1,0,0,0,0,1,0,0,0,0
74,2,0,0,0,0,0,0,0,0,1
75,1,200,0,0,0,0,1,0,0,0
75,2,0,0,0,0,0,0,0,0,1
76,1,0,200,0,0,0,0,0,0,0
76,2,0,0,0,0,0,0,0,0,1
77,1,0,0,0,0,1,0,0,0,0
77,2,0,0,0,0,0,0,0,0,1
78,1,300,0,0,0,0,1,0,0,0
78,2,0,0,0,0,0,0,0,0,1
79,1,0,300,0,0,0,0,0,0,0
79,2,0,0,0,0,0,0,0,0,1
80,1,0,0,0,0,1,0,0,0,0
80,2,0,0,0,0,0,0,0,0,1
81,1,500,0,0,0,0,1,0,0,0
81,2,0,0,0,0,0,0,0,0,1
82,1,0,500,0,0,0,0,0,0,0
82,2,0,0,0,0,0,0,0,0,1
83,1,0,0,0,0,1,0,0,0,0
83,2,0,0,0,0,0,0,0,0,1