obsID,altID,value,penalty,accessibility_1,accessibility_3,accessibility_10,incentive_grocery_store,incentive_internet,incentive_sport_tickets,outsideGood
1,1,100,0,0,0,0,1,0,0,0
1,2,0,0,0,0,0,0,0,0,1
2,1,100,0,0,0,0,0,1,0,0
2,2,0,0,0,0,0,0,0,0,1
3,1,100,0,0,0,0,0,0,1,0
3,2,0,0,0,0,0,0,0,0,1
4,1,100,0,0,0,0,0,0,0,0
4,2,0,0,0,0,0,0,0,0,1
5,1,100,0,1,0,0,0,0,0,0
5,2,0,0,0,0,0,0,0,0,1
6,1,100,0,0,1,0,0,0,0,0
6,2,0,0,0,0,0,0,0,0,1
7,1,100,0,0,0,1,0,0,0,0
7,2,0,0,0,0,0,0,0,0,1
8,1,1000,0,0,0,0,1,0,0,0
8,2,0,0,0,0,0,0,0,0,1
9,1,1000,0,0,0,0,0,1,0,0
9,2,0,0,0,0,0,0,0,0,1
10,1,1000,0,0,0,0,0,0,1,0
10,2,0,0,0,0,0,0,0,0,1
11,1,1000,0,0,0,0,0,0,0,0
11,2,0,0,0,0,0,0,0,0,1
12,1,1000,0,1,0,0,0,0,0,0
12,2,0,0,0,0,0,0,0,0,1
13,1,1000,0,0,1,0,0,0,0,0
13,2,0,0,0,0,0,0,0,0,1
14,1,1000,0,0,0,1,0,0,0,0
14,2,0,0,0,0,0,0,0,0,1
15,1,0,100,0,0,0,0,0,0,0
15,2,0,0,0,0,0,0,0,0,1
16,1,0,100,1,0,0,0,0,0,0
16,2,0,0,0,0,0,0,0,0,1
17,1,0,100,0,1,0,0,0,0,0
17,2,0,0,0,0,0,0,0,0,1
18,1,0,100,0,0,1,0,0,0,0
18,2,0,0,0,0,0,0,0,0,1
22,1,0,1000,0,0,0,0,0,0,0
22,2,0,0,0,0,0,0,0,0,1
23,1,0,1000,1,0,0,0,0,0,0
23,2,0,0,0,0,0,0,0,0,1
24,1,0,1000,0,1,0,0,0,0,0
24,2,0,0,0,0,0,0,0,0,1
25,1,0,1000,0,0,1,0,0,0,0
25,2,0,0,0,0,0,0,0,0,1
